The expected output for test data using HE schemes

Using BFV:

 	testReal2.csv:
	0,7,1,-1,0,-1,-1,-3,-3,0,0,-1,-4,3,3,0,-1,1,0,0,2,0

	testReal1.csv:
	0,4,0,0,4,2,-2,0,0,0,-3,0,-3,2,2,0,0,-2,-1,0,0,-1

	testReal3.csv:
	231,16,153,358,218,120,-19,-26,266,110,189,-64,23,111,-70,-45,19,-123,71,133,-3,66

Using CKKS:

	testReal1.csv:
	0,-2,1,1,0,0,1,-1,1,0,1,2,0,-1,-1,1,-1,1,0,-2,1,1

	testReal2.csv:
	2,0,-1,1,-1,0,0,2,-2,-1,-2,2,1,-1,2,-1,-1,-1,-1,0,2,0

	testReal3.csv:
	2,1,-1,-1,-2,1,-2,0,0,-2,2,0,-1,1,-1,2,-1,2,0,-2,1,-1



